

koutialla,bougouni,san

bamako:-8, 12.65
segou: -6.2157, 13.4317
    kayes:-11.44448,14.44693
        koulikoro:  18.44111,11.08943
            mopti:-4.1830,14.7843
                gao:-0.0447,16.2717
tombouctou: -3.0074,16.7735
    kidal:1.4078,184411
        koutiala:-5.46421,12.39173
            san:-4.89562,13.30335
                bougouni:-7.48323,11.41769